[gd_scene load_steps=16 format=3 uid="uid://cx14n0n3cr26k"]

[ext_resource type="Shader" path="res://Shaders/Skybox.gdshader" id="1_0ftdo"]
[ext_resource type="CompressedCubemap" uid="uid://li7b2dyi7ml8" path="res://Textures/MoonColorCubemap.jpg" id="2_eoe28"]
[ext_resource type="Texture2D" uid="uid://scgrifnhkfgt" path="res://Textures/SunZenith_Gradient.png" id="2_iqe37"]
[ext_resource type="Script" path="res://Scripts/SkyboxController.gd" id="2_iyrlj"]
[ext_resource type="Texture2D" uid="uid://b55ja75xsj2ct" path="res://Textures/SunView_Gradient.png" id="2_njgvn"]
[ext_resource type="CompressedCubemap" uid="uid://bxgmf3cj7sshp" path="res://Textures/StarConstellationsCubemap.jpg" id="3_f82el"]
[ext_resource type="CompressedCubemap" uid="uid://cw7krbv0cgxo4" path="res://Textures/StarColorCubemap.png" id="3_qx4rs"]
[ext_resource type="Texture2D" uid="uid://dfntksp0p6rga" path="res://Textures/ViewZenith_Gradient.png" id="3_taygh"]

[sub_resource type="ShaderMaterial" id="ShaderMaterial_qml1g"]
shader = ExtResource("1_0ftdo")
shader_parameter/sun_dir = Vector3(0.409576, -0.573576, 0.709407)
shader_parameter/moon_dir = Vector3(-0.409576, 0.573576, 0.709406)
shader_parameter/sun_radius = 0.05
shader_parameter/sun_color = Color(1, 1, 1, 1)
shader_parameter/moon_radius = 0.067
shader_parameter/moon_exposure = 1.0
shader_parameter/moon_world_to_object = Basis(0.866025, 1.49012e-08, 0.5, 0.286788, 0.819153, -0.496732, -0.409576, 0.573576, 0.709407)
shader_parameter/moon_cubemap = ExtResource("2_eoe28")
shader_parameter/star_exposure = 6.0
shader_parameter/star_power = 1.6
shader_parameter/star_latitude = 52.0
shader_parameter/star_speed = 0.001
shader_parameter/star_constellation_color = Color(0, 0.3, 0.6, 1)
shader_parameter/star_cubemap = ExtResource("3_qx4rs")
shader_parameter/star_constellation_cubemap = ExtResource("3_f82el")
shader_parameter/sun_zenith_gradient = ExtResource("2_iqe37")
shader_parameter/view_zenith_gradient = ExtResource("3_taygh")
shader_parameter/sun_view_gradient = ExtResource("2_njgvn")

[sub_resource type="Sky" id="Sky_jsxv2"]
sky_material = SubResource("ShaderMaterial_qml1g")

[sub_resource type="Environment" id="Environment_tb6nb"]
background_mode = 2
sky = SubResource("Sky_jsxv2")
glow_enabled = true
glow_levels/1 = 2.0
glow_levels/2 = 1.0
glow_levels/4 = 3.0
glow_levels/5 = 3.0
glow_normalized = true
glow_intensity = 4.0
glow_hdr_threshold = 1.3

[sub_resource type="PlaneMesh" id="PlaneMesh_wir04"]
size = Vector2(100, 100)

[sub_resource type="Animation" id="Animation_brdnt"]
resource_name = "preview_animation"
length = 10.0
step = 1.0
tracks/0/type = "rotation_3d"
tracks/0/imported = false
tracks/0/enabled = true
tracks/0/path = NodePath("Sun")
tracks/0/interp = 2
tracks/0/loop_wrap = true
tracks/0/keys = PackedFloat32Array(0, 1, -0.290459, 0.24684, 0.0778284, 0.92122, 5, 1, 0.290459, 0.24684, -0.0778284, 0.92122, 10, 1, -0.290459, 0.24684, 0.0778284, 0.92122)
tracks/1/type = "rotation_3d"
tracks/1/imported = false
tracks/1/enabled = true
tracks/1/path = NodePath("Moon")
tracks/1/interp = 2
tracks/1/loop_wrap = true
tracks/1/keys = PackedFloat32Array(0, 1, 0.290459, -0.24684, 0.0778284, 0.92122, 5, 1, -0.290459, -0.24684, -0.0778284, 0.92122, 10, 1, 0.290459, -0.24684, 0.0778284, 0.92122)

[sub_resource type="Animation" id="Animation_eu3w4"]
length = 0.001
tracks/0/type = "rotation_3d"
tracks/0/imported = false
tracks/0/enabled = true
tracks/0/path = NodePath("Sun")
tracks/0/interp = 1
tracks/0/loop_wrap = true
tracks/0/keys = PackedFloat32Array(0, 1, -0.290459, 0.24684, 0.0778284, 0.92122)
tracks/1/type = "rotation_3d"
tracks/1/imported = false
tracks/1/enabled = true
tracks/1/path = NodePath("Moon")
tracks/1/interp = 1
tracks/1/loop_wrap = true
tracks/1/keys = PackedFloat32Array(0, 1, -0.290459, -0.24684, -0.0778284, 0.92122)

[sub_resource type="AnimationLibrary" id="AnimationLibrary_ik8ry"]
_data = {
"RESET": SubResource("Animation_eu3w4"),
"preview_animation": SubResource("Animation_brdnt")
}

[node name="Root" type="Node3D"]

[node name="WorldEnvironment" type="WorldEnvironment" parent="."]
environment = SubResource("Environment_tb6nb")
script = ExtResource("2_iyrlj")

[node name="Sun" type="DirectionalLight3D" parent="."]
transform = Transform3D(0.866026, -0.286788, 0.409575, 1.3411e-07, 0.819152, 0.573576, -0.5, -0.496732, 0.709406, 0, 0, 0)

[node name="Moon" type="Node3D" parent="."]
transform = Transform3D(0.866026, 0.286788, -0.409576, 2.98023e-08, 0.819152, 0.573576, 0.5, -0.496731, 0.709406, 0, 0, 0)

[node name="Ground" type="MeshInstance3D" parent="."]
mesh = SubResource("PlaneMesh_wir04")

[node name="Camera3D" type="Camera3D" parent="."]
transform = Transform3D(-1, 3.69465e-08, 7.9232e-08, 0, 0.906308, -0.422619, -8.74228e-08, -0.422619, -0.906308, 0, 2, 0)
fov = 60.0

[node name="AnimationPlayer" type="AnimationPlayer" parent="."]
libraries = {
"": SubResource("AnimationLibrary_ik8ry")
}
autoplay = "preview_animation"
