[gd_scene load_steps=13 format=3 uid="uid://cx14n0n3cr26k"]

[ext_resource type="Shader" path="res://Shaders/Skybox.gdshader" id="1_0ftdo"]
[ext_resource type="CompressedCubemap" uid="uid://li7b2dyi7ml8" path="res://Textures/MoonColorCubemap.jpg" id="2_eoe28"]
[ext_resource type="Texture2D" uid="uid://scgrifnhkfgt" path="res://Textures/SunZenith_Gradient.png" id="2_iqe37"]
[ext_resource type="Script" path="res://Scripts/SkyboxController.gd" id="2_iyrlj"]
[ext_resource type="Texture2D" uid="uid://b55ja75xsj2ct" path="res://Textures/SunView_Gradient.png" id="2_njgvn"]
[ext_resource type="CompressedCubemap" uid="uid://bxgmf3cj7sshp" path="res://Textures/StarConstellationsCubemap.jpg" id="3_f82el"]
[ext_resource type="CompressedCubemap" uid="uid://cw7krbv0cgxo4" path="res://Textures/StarColorCubemap.png" id="3_qx4rs"]
[ext_resource type="Texture2D" uid="uid://dfntksp0p6rga" path="res://Textures/ViewZenith_Gradient.png" id="3_taygh"]

[sub_resource type="ShaderMaterial" id="ShaderMaterial_qml1g"]
shader = ExtResource("1_0ftdo")
shader_parameter/_SunDir = Vector3(-0.224144, 0.5, 0.836516)
shader_parameter/_MoonDir = Vector3(-0.224144, 0.5, 0.836516)
shader_parameter/_SunRadius = 0.05
shader_parameter/_SunColor = Color(1, 1, 1, 1)
shader_parameter/_MoonRadius = 0.067
shader_parameter/_MoonExposure = 1.0
shader_parameter/_MoonWorldToObject = Basis(0.965926, 0, 0.258819, 0.12941, 0.866026, -0.482963, -0.224144, 0.5, 0.836516)
shader_parameter/_MoonCubemap = ExtResource("2_eoe28")
shader_parameter/_StarExposure = 2.0
shader_parameter/_StarPower = 1.3
shader_parameter/_StarLatitude = 52.0
shader_parameter/_StarSpeed = 0.01
shader_parameter/_StarConstellationColor = Color(0, 0.3, 0.6, 1)
shader_parameter/_StarCubemap = ExtResource("3_qx4rs")
shader_parameter/_StarConstellationCubemap = ExtResource("3_f82el")
shader_parameter/_SunZenithGrad = ExtResource("2_iqe37")
shader_parameter/_ViewZenithGrad = ExtResource("3_taygh")
shader_parameter/_SunViewGrad = ExtResource("2_njgvn")

[sub_resource type="Sky" id="Sky_jsxv2"]
sky_material = SubResource("ShaderMaterial_qml1g")

[sub_resource type="Environment" id="Environment_tb6nb"]
background_mode = 2
sky = SubResource("Sky_jsxv2")
glow_enabled = true
glow_levels/1 = 2.0
glow_levels/2 = 1.0
glow_levels/4 = 3.0
glow_levels/5 = 3.0
glow_normalized = true
glow_intensity = 4.0
glow_hdr_threshold = 1.3

[sub_resource type="PlaneMesh" id="PlaneMesh_wir04"]
size = Vector2(100, 100)

[node name="Root" type="Node3D"]

[node name="WorldEnvironment" type="WorldEnvironment" parent="."]
environment = SubResource("Environment_tb6nb")
script = ExtResource("2_iyrlj")

[node name="Sun" type="DirectionalLight3D" parent="."]
transform = Transform3D(0.965926, 0.12941, -0.224144, 0, 0.866026, 0.499999, 0.258819, -0.482963, 0.836515, 0, 0, 0)

[node name="Moon" type="Node3D" parent="."]
transform = Transform3D(0.965926, 0.129409, -0.224144, 0, 0.866025, 0.5, 0.258819, -0.482963, 0.836516, 0, 0, 0)

[node name="Ground" type="MeshInstance3D" parent="."]
mesh = SubResource("PlaneMesh_wir04")

[node name="Camera3D" type="Camera3D" parent="."]
transform = Transform3D(-1, 3.69465e-08, 7.9232e-08, 0, 0.906308, -0.422619, -8.74228e-08, -0.422619, -0.906308, 0, 2, 0)
fov = 60.0
