[gd_scene load_steps=11 format=3 uid="uid://cx14n0n3cr26k"]

[ext_resource type="Shader" path="res://Shaders/Skybox.gdshader" id="1_0ftdo"]
[ext_resource type="Texture2D" uid="uid://scgrifnhkfgt" path="res://Textures/SunZenith_Gradient.png" id="2_iqe37"]
[ext_resource type="Script" path="res://Scripts/SkyboxController.gd" id="2_iyrlj"]
[ext_resource type="Texture2D" uid="uid://b55ja75xsj2ct" path="res://Textures/SunView_Gradient.png" id="2_njgvn"]
[ext_resource type="Texture2D" uid="uid://dxcpnoybh6yov" path="res://Textures/MoonColorMap.jpg" id="2_tok4u"]
[ext_resource type="Texture2D" uid="uid://dfntksp0p6rga" path="res://Textures/ViewZenith_Gradient.png" id="3_taygh"]

[sub_resource type="ShaderMaterial" id="ShaderMaterial_qml1g"]
shader = ExtResource("1_0ftdo")
shader_parameter/_SunDir = Vector3(-0.707107, -0.707107, -3.09086e-08)
shader_parameter/_MoonDir = Vector3(0.819152, 0.573576, -3.58063e-08)
shader_parameter/_SunRadius = 0.05
shader_parameter/_SunColor = Color(1, 1, 1, 1)
shader_parameter/_MoonRadius = 0.07
shader_parameter/_MoonExposure = 1.0
shader_parameter/_MoonSpaceMatrix = Basis(-0.0400106, -0.572179, 0.819152, 0.0571411, 0.817156, 0.573576, 0.997564, -0.0697564, -3.58063e-08)
shader_parameter/_MoonPanorama = ExtResource("2_tok4u")
shader_parameter/_SunZenithGrad = ExtResource("2_iqe37")
shader_parameter/_ViewZenithGrad = ExtResource("3_taygh")
shader_parameter/_SunViewGrad = ExtResource("2_njgvn")

[sub_resource type="Sky" id="Sky_jsxv2"]
sky_material = SubResource("ShaderMaterial_qml1g")

[sub_resource type="Environment" id="Environment_tb6nb"]
background_mode = 2
sky = SubResource("Sky_jsxv2")
glow_enabled = true
glow_levels/1 = 0.5
glow_levels/2 = 2.0
glow_levels/3 = 4.0
glow_levels/4 = 1.0
glow_levels/5 = 0.5
glow_normalized = true
glow_intensity = 4.0
glow_hdr_threshold = 1.3

[sub_resource type="PlaneMesh" id="PlaneMesh_wir04"]
size = Vector2(100, 100)

[node name="Root" type="Node3D"]

[node name="WorldEnvironment" type="WorldEnvironment" parent="."]
environment = SubResource("Environment_tb6nb")
script = ExtResource("2_iyrlj")

[node name="Sun" type="DirectionalLight3D" parent="."]
transform = Transform3D(-4.37114e-08, -0.707107, -0.707106, 0, 0.707107, -0.707106, 1, -3.09086e-08, -3.09086e-08, 0, 0, 0)

[node name="Moon" type="Node3D" parent="."]
transform = Transform3D(0.0400106, -0.572179, 0.819152, -0.0571411, 0.817156, 0.573576, -0.997564, -0.0697564, -3.58063e-08, 0, 0, 0)

[node name="Ground" type="MeshInstance3D" parent="."]
mesh = SubResource("PlaneMesh_wir04")

[node name="Camera3D" type="Camera3D" parent="."]
transform = Transform3D(-4.37114e-08, -0.382683, -0.92388, 0, 0.92388, -0.382683, 1, -1.67276e-08, -4.03841e-08, 0, 2, 0)
fov = 60.0
