[gd_scene load_steps=10 format=3 uid="uid://cx14n0n3cr26k"]

[ext_resource type="Shader" path="res://Shaders/Skybox.gdshader" id="1_0ftdo"]
[ext_resource type="Texture2D" uid="uid://scgrifnhkfgt" path="res://Textures/SunZenith_Gradient.png" id="2_iqe37"]
[ext_resource type="Script" path="res://Scripts/SkyboxController.gd" id="2_iyrlj"]
[ext_resource type="Texture2D" uid="uid://b55ja75xsj2ct" path="res://Textures/SunView_Gradient.png" id="2_njgvn"]
[ext_resource type="Texture2D" uid="uid://dfntksp0p6rga" path="res://Textures/ViewZenith_Gradient.png" id="3_taygh"]

[sub_resource type="ShaderMaterial" id="ShaderMaterial_qml1g"]
shader = ExtResource("1_0ftdo")
shader_parameter/_SunDir = Vector3(0.707107, 0.707107, -3.07201e-08)
shader_parameter/_MoonDir = Vector3(0.918118, 0.144356, 0.369081)
shader_parameter/_SunRadius = 0.05
shader_parameter/_SunColor = Color(1, 1, 1, 1)
shader_parameter/_SunZenithGrad = ExtResource("2_iqe37")
shader_parameter/_ViewZenithGrad = ExtResource("3_taygh")
shader_parameter/_SunViewGrad = ExtResource("2_njgvn")

[sub_resource type="Sky" id="Sky_jsxv2"]
sky_material = SubResource("ShaderMaterial_qml1g")

[sub_resource type="Environment" id="Environment_tb6nb"]
background_mode = 2
sky = SubResource("Sky_jsxv2")
glow_enabled = true
glow_levels/1 = 0.5
glow_levels/2 = 2.0
glow_levels/3 = 4.0
glow_levels/4 = 1.0
glow_levels/5 = 0.5
glow_normalized = true
glow_intensity = 4.0
glow_hdr_threshold = 1.3

[sub_resource type="PlaneMesh" id="PlaneMesh_wir04"]
size = Vector2(100, 100)

[node name="Root" type="Node3D"]

[node name="WorldEnvironment" type="WorldEnvironment" parent="."]
environment = SubResource("Environment_tb6nb")
script = ExtResource("2_iyrlj")

[node name="Sun" type="DirectionalLight3D" parent="."]
transform = Transform3D(-0.0209772, -0.706795, 0.707107, 0.0209772, 0.706795, 0.707107, -0.99956, 0.0296663, -3.09086e-08, 0, 0, 0)

[node name="Moon" type="Node3D" parent="."]
transform = Transform3D(0.381422, -0.107594, 0.918118, -0.0690258, 0.987115, 0.144356, -0.92182, -0.118435, 0.369081, 0, 0, 0)

[node name="Ground" type="MeshInstance3D" parent="."]
mesh = SubResource("PlaneMesh_wir04")

[node name="Camera3D" type="Camera3D" parent="."]
transform = Transform3D(-4.37114e-08, -0.382683, -0.92388, 0, 0.92388, -0.382683, 1, -1.67276e-08, -4.03841e-08, 0, 2, 0)
fov = 60.0
